[gd_scene load_steps=11 format=2]

[ext_resource path="res://Spatial.gd" type="Script" id=1]
[ext_resource path="res://plataform_objects/BlockLarge.tscn" type="PackedScene" id=2]
[ext_resource path="res://plataform_objects/BlockSlopeHalf.tscn" type="PackedScene" id=3]
[ext_resource path="res://plataform_objects/BlockSlope.tscn" type="PackedScene" id=4]
[ext_resource path="res://plataform_objects/BlockBump.tscn" type="PackedScene" id=5]
[ext_resource path="res://plataform_objects/blockCliff.tscn" type="PackedScene" id=6]
[ext_resource path="res://plataform_objects/Character.tscn" type="PackedScene" id=7]

[sub_resource type="PlaneMesh" id=1]
size = Vector2( 10, 10 )

[sub_resource type="SpatialMaterial" id=2]
albedo_color = Color( 0.372549, 0.447059, 0.113725, 1 )

[sub_resource type="ConvexPolygonShape" id=3]
points = PoolVector3Array( 5, 0, 5, -5, 0, 5, 5, 0, -5, -5, 0, -5 )

[node name="Spatial" type="Spatial"]
script = ExtResource( 1 )

[node name="Ground" type="StaticBody" parent="."]

[node name="MeshInstance" type="MeshInstance" parent="Ground"]
transform = Transform( 1, 0, 0, 0, 1, 0, 0, 0, 1, -0.00258588, -0.00927758, 0.00862336 )
mesh = SubResource( 1 )
material/0 = SubResource( 2 )

[node name="CollisionShape" type="CollisionShape" parent="Ground"]
shape = SubResource( 3 )

[node name="CameraHub" type="Spatial" parent="."]

[node name="Camera" type="Camera" parent="CameraHub"]
transform = Transform( 1, 0, 0, 0, 0.929477, 0.368879, 0, -0.368879, 0.929477, 0.07836, 3.51835, 7.04798 )

[node name="DirectionalLight" type="DirectionalLight" parent="."]
transform = Transform( 1, 0, 0, 0, -0.252045, 0.967716, 0, -0.967716, -0.252045, 0, 7.4004, 0 )
shadow_enabled = true

[node name="BlockLarge" parent="." instance=ExtResource( 2 )]
transform = Transform( 1, 0, 0, 0, 1, 0, 0, 0, 1, -0.0128734, 0, -6.50716 )

[node name="BlockLarge2" parent="." instance=ExtResource( 2 )]
transform = Transform( 1, 0, 0, 0, 1, 0, 0, 0, 1, -0.0128734, 0, -0.00716066 )

[node name="BlockLarge3" parent="." instance=ExtResource( 2 )]
transform = Transform( 1, 0, 0, 0, 1, 0, 0, 0, 1, -1.51287, 0, -6.50716 )

[node name="wolrd" type="Spatial" parent="."]

[node name="BlockLarge2" parent="wolrd" instance=ExtResource( 2 )]
transform = Transform( 1, 0, 0, 0, 1, 0, 0, 0, 1, -2, 0, 2 )

[node name="BlockLarge3" parent="wolrd" instance=ExtResource( 2 )]
transform = Transform( 1, 0, 0, 0, 1, 0, 0, 0, 1, -2, 0, 0 )

[node name="BlockSlopeHalf" parent="wolrd" instance=ExtResource( 3 )]
transform = Transform( -1, 0, 2.98023e-07, 0, 1, 0, -2.98023e-07, 0, -1, -0.5, 0.525737, 2.01126 )

[node name="BlockSlopeHalf3" parent="wolrd" instance=ExtResource( 3 )]
transform = Transform( 1, 0, 0, 0, 1, 0, 0, 0, 1, -1.54599, 1.18122, -2.93205 )

[node name="BlockSlopeHalf4" parent="wolrd" instance=ExtResource( 3 )]
transform = Transform( -1, 0, 8.74228e-08, 0, 1, 0, -8.74228e-08, 0, -1, -0.55941, 1.18122, -2.93205 )

[node name="BlockSlope" parent="wolrd" instance=ExtResource( 4 )]
transform = Transform( -1, 8.74228e-08, 0, -7.38395e-09, -0.0844625, -0.996427, -8.71104e-08, -0.996427, 0.0844625, -0.538122, 0.0634152, -4.02036 )

[node name="BlockSlope2" parent="wolrd" instance=ExtResource( 4 )]
transform = Transform( -1, 8.74228e-08, 0, 6.60631e-08, 0.755674, -0.654948, -5.72574e-08, -0.654948, -0.755674, -0.538122, -0.366958, -5.79931 )

[node name="BlockSlopeHalf2" parent="wolrd" instance=ExtResource( 3 )]
transform = Transform( -1, 0, 2.98023e-07, 0, 1, 0, -2.98023e-07, 0, -1, -0.5, 0.0436942, 2.98542 )

[node name="BlockBump" parent="wolrd" instance=ExtResource( 5 )]
transform = Transform( 1, 0, 0, 0, 1, 0, 0, 0, 1, 0.86215, -0.00927758, 1.78357 )

[node name="blockCliff" parent="wolrd" instance=ExtResource( 6 )]
transform = Transform( 1, 0, 0, 0, 1, 0, 0, 0, 1, -0.5, 0, -8.5 )

[node name="BlockBump2" parent="wolrd" instance=ExtResource( 5 )]
transform = Transform( 1, 0, 0, 0, 1, 0, 0, 0, 1, 0.86215, -0.00927758, -10.2164 )

[node name="BlockBump3" parent="wolrd" instance=ExtResource( 5 )]
transform = Transform( 1, 0, 0, 0, 1, 0, 0, 0, 1, -2.13785, -0.00927758, -10.2164 )

[node name="Character" parent="." instance=ExtResource( 7 )]
transform = Transform( 0.5, 0, 0, 0, 0.5, 0, 0, 0, 0.5, 4, 0.254628, 0 )
